../../TeamAvengers_PUBG/PUBG/Client/Resource/save.txt
Num of Object 1
{
	22
	WareHouse_A (1)
	2000.000000 0.000000 2000.000000
	0.000000 -0.000000 0.000000
	1.000000 1.000000 1.000000
	[
		6
		<
			WareHouse_A (1)
			319.999878 0.000000 0.000000 0.000000 0.000000 59.999985 0.000000 0.000000 0.000000 0.000000 4.999999 0.000000 2067.349121 309.999939 1027.526245 1.000000
		>
		<
			WareHouse_A (1)
			324.470184 0.000000 0.000000 0.000000 0.000000 59.999977 0.000000 0.000000 0.000000 0.000000 4.999998 0.000000 2022.351074 309.999908 2961.072266 1.000000
		>
		<
			WareHouse_A (1)
			3.000000 0.000000 0.000000 0.000000 0.000000 59.999992 0.000000 0.000000 0.000000 0.000000 69.999985 0.000000 470.027100 292.647278 1357.764160 1.000000
		>
		<
			WareHouse_A (1)
			2.999999 0.000000 0.000000 0.000000 0.000000 59.999989 0.000000 0.000000 0.000000 0.000000 68.142822 0.000000 451.617188 263.248047 2634.847656 1.000000
		>
		<
			WareHouse_A (1)
			2.999999 0.000000 0.000000 0.000000 0.000000 59.999985 0.000000 0.000000 0.000000 0.000000 69.999969 0.000000 3649.133789 266.559174 2613.760986 1.000000
		>
		<
			WareHouse_A (1)
			6.000000 0.000000 0.000000 0.000000 0.000000 59.999989 0.000000 0.000000 0.000000 0.000000 80.577988 0.000000 3632.752441 266.217010 1594.927368 1.000000
		>
	]
}
