../../TeamAvengers_PUBG/PUBG/Client/Resource/save.txt
Num of Object 5
{
	1
	Ammo_5_56mm (1)
	1900.000000 200.000000 1900.000000
	0.000000 -0.000000 0.000000
	1.000000 1.000000 1.000000
}
{
	2
	Ammo_7_62mm (1)
	1900.000000 200.000000 1900.000000
	0.000000 -0.000000 0.000000
	1.000000 1.000000 1.000000
}
{
	75
	Kar98k (1)
	1900.000000 200.000000 1900.000000
	0.000000 -0.000000 0.000000
	1.000000 1.000000 1.000000
}
{
	73
	QBZ (1)
	1900.000000 200.000000 1900.000000
	0.000000 -0.000000 0.000000
	1.000000 1.000000 1.000000
}
{
	22
	warehouse (1)
	1000.000000 400.000000 1000.000000
	0.000000 -0.000000 0.000000
	1.000000 1.000000 1.000000	
	[
		3
		<
			A_MeasureTool
			99.999985 0.000000 0.000000 0.000000 0.000000 19.999996 0.000000 0.000000 0.000000 0.000000 9.999998 0.000000 499.999939 299.999939 499.999939 1.000000
		>
		<
			A_MeasureTool
			9.999999 0.000000 0.000000 0.000000 0.000000 19.999998 0.000000 0.000000 0.000000 0.000000 99.999992 0.000000 299.999969 299.999969 299.999969 1.000000
		>
		<
			A_MeasureTool
			35.355335 0.000000 -35.355335 0.000000 0.000000 19.999998 0.000000 0.000000 7.071068 0.000000 7.071068 0.000000 299.999969 299.999969 1499.999878 1.000000
		>
	]
}